0.000000 0.000000 0.841471 0.141120 -0.958924 0.989358 -0.536573 -0.287903 0.836656 0.956376 0.999912 0.745113 -0.768255 -0.521551 0.826829 -0.387782 -0.176076 0.983588 0.926819 0.580611 0.868966 0.609044 -0.702408 0.070752 -0.354938 0.609068 -0.930095 -0.890009 -0.245281 -0.387809 -0.999756 -0.428155 0.990603 -0.989354 0.988027 -0.395897 -0.999519 -0.452053 -0.330019 -0.933331 -0.877561 0.714919 -0.498765 0.245310 -0.826863 0.428128 0.958941 0.762597 0.992880 0.893970 -0.459957 -0.079488 0.594860 -0.193385 -0.948311 0.436083 0.912908 0.750928 0.521474 -0.683328 -0.088279 0.801080 -0.695994 -0.379719 0.999758 0.536675 0.551527 0.566207 0.998809 -0.475656 -0.587673 0.683152 0.123723 -0.841552 0.262229 0.506236 0.714771 0.061740 -0.994808 0.262549 0.140941 0.436328 -0.864642 0.483133 0.868861 0.999527 0.912859 -0.296570 -0.983550 0.873415 -0.980287 0.993862 -0.149639 -0.831641 -0.970593 -0.997191 -0.459663 0.636947 0.279155 -0.253561 
0.000000 0.000000 0.841471 0.141120 -0.958924 0.989358 -0.536573 -0.287903 0.836656 0.956376 0.999912 0.745113 -0.768255 -0.521551 0.826829 -0.387782 -0.176076 0.983588 0.926819 0.580611 0.868966 0.609044 -0.702408 0.070752 -0.354938 0.609068 -0.930095 -0.890009 -0.245281 -0.387809 -0.999756 -0.428155 0.990603 -0.989354 0.988027 -0.395897 -0.999519 -0.452053 -0.330019 -0.933331 -0.877561 0.714919 -0.498765 0.245310 -0.826863 0.428128 0.958941 0.762597 0.992880 0.893970 -0.459957 -0.079488 0.594860 -0.193385 -0.948311 0.436083 0.912908 0.750928 0.521474 -0.683328 -0.088279 0.801080 -0.695994 -0.379719 0.999758 0.536675 0.551527 0.566207 0.998809 -0.475656 -0.587673 0.683152 0.123723 -0.841552 0.262229 0.506236 0.714771 0.061740 -0.994808 0.262549 0.140941 0.436328 -0.864642 0.483133 0.868861 0.999527 0.912859 -0.296570 -0.983550 0.873415 -0.980287 0.993862 -0.149639 -0.831641 -0.970593 -0.997191 -0.459663 0.636947 0.279155 -0.253561 
0.841471 0.841471 0.909297 -0.756802 -0.279415 0.412118 0.420167 -0.961397 -0.008851 0.270906 0.529083 -0.158623 -0.953753 0.436165 -0.026551 0.566108 -0.923458 0.379608 0.816743 0.998815 0.885925 -0.338333 -0.978450 0.877590 -0.978457 0.996467 -0.193444 -0.864536 -0.948292 -0.985151 -0.558764 0.529108 0.420140 -0.412091 0.404010 0.558814 -0.513953 -0.994830 -0.972637 -0.806383 -0.070692 0.974635 -0.998818 0.948301 -0.920002 -0.529134 0.756763 0.956358 0.636692 0.105928 -0.995693 0.795861 -0.354995 0.721100 -0.779409 -0.521628 0.149788 -0.149967 -0.436246 -0.983571 0.790489 -0.070842 0.228170 -0.983609 0.558689 0.999991 0.999910 0.999516 0.498609 -0.997182 0.363312 -0.245398 0.901853 -0.909235 -0.670341 -0.452160 -0.202297 -0.806508 -0.451864 0.953807 -0.756921 0.992894 -0.889913 -0.475709 0.052873 0.565934 0.149669 -0.963852 -0.379413 0.881685 -0.695907 0.443897 0.751146 0.017943 -0.726977 -0.601807 0.498948 0.992840 -0.657191 0.676972 
0.141120 0.141120 -0.756802 -0.279415 0.989358 -0.999990 0.650288 0.149877 -0.905578 -0.988032 -0.991779 -0.831775 0.670229 0.636738 -0.897928 0.513978 0.035398 -0.999207 -0.864551 -0.459903 -0.790433 -0.714876 0.594933 0.070722 0.219455 -0.491048 0.972623 0.816760 0.106017 0.253853 0.986633 0.551402 -0.999990 0.999990 -0.999911 0.521525 0.993892 0.321651 0.193503 0.873327 0.936441 -0.609092 0.371460 -0.106047 0.739221 -0.551376 -0.909323 -0.663679 -0.966133 -0.948263 0.330048 0.219366 -0.702343 0.329905 0.894037 -0.558714 -0.961373 -0.836606 -0.636668 0.573456 0.227964 -0.877532 0.790359 0.245369 -0.986647 -0.412228 -0.428292 -0.444221 -0.995698 0.346763 0.695972 -0.779372 0.017551 0.756901 -0.395787 -0.622871 -0.806311 -0.201973 0.999214 -0.123753 -0.279242 -0.304983 0.785092 -0.601855 -0.930028 -0.985182 -0.961339 0.158831 0.999198 -0.795952 0.942595 -0.999528 0.287672 0.901684 0.926909 0.976643 0.580390 -0.521782 -0.411871 0.387532 
-0.958924 -0.958924 -0.279415 0.989358 -0.544021 0.420167 -0.961397 0.836656 0.762558 0.551427 0.296369 0.850904 0.395925 -0.966118 0.773891 -0.993889 0.893997 0.452026 -0.097182 -0.616040 -0.228052 0.933321 0.483292 -0.936451 0.795806 -0.587771 -0.616064 0.184752 0.860054 0.773872 -0.262404 -0.988036 0.412146 -0.420194 0.428210 -0.992876 -0.313257 0.727122 0.811586 0.079518 -0.708702 -0.467692 0.689654 -0.860039 0.304753 0.988041 0.000060 -0.403982 0.167415 0.683306 0.720996 -0.978438 0.939551 -0.995679 0.035308 0.986642 0.650357 0.846269 0.966141 0.506288 -0.980222 0.801207 -0.885981 0.779391 0.262491 -0.656896 -0.643446 -0.629794 0.330105 0.708574 -0.942565 0.894064 -0.916461 0.279271 0.999752 0.970572 0.873385 0.974608 -0.379775 -0.850808 0.989332 -0.739059 0.236486 0.976630 0.721184 0.254027 0.650448 0.831658 -0.452214 -0.219219 -0.088609 0.388004 -0.990574 -0.768409 -0.044484 -0.211046 -0.982003 -0.558564 0.999989 -0.999512 
0.989358 0.989358 0.412118 -0.999990 0.420167 -0.287903 0.912945 -0.905578 -0.663634 -0.428183 -0.158623 -0.768255 -0.521551 0.920026 -0.676772 0.968364 -0.948282 -0.321622 0.236661 0.721038 0.363171 -0.873312 -0.602000 0.976584 -0.873297 0.696058 0.498739 -0.321594 -0.923447 -0.855504 0.123603 0.956385 -0.279444 0.287932 -0.296397 0.966126 0.176105 -0.816725 -0.885911 -0.219396 0.602048 0.587746 -0.784943 0.923435 -0.436111 -0.956394 0.141060 0.529032 -0.026611 -0.573431 -0.811568 0.997793 -0.881827 0.998820 -0.175987 -0.953780 -0.536649 -0.762617 -0.920061 -0.622918 0.998340 -0.708744 0.811674 -0.860008 -0.123693 0.756724 0.745033 0.733108 -0.193592 -0.801062 0.885995 -0.821904 0.963755 -0.411981 -0.992891 -0.926875 -0.795915 -0.996454 0.245427 0.916449 -0.999989 0.826727 -0.371236 -0.936525 -0.616207 -0.114994 -0.536751 -0.901697 0.321822 0.354713 -0.052843 -0.254057 0.999991 0.670408 -0.096942 0.070993 0.945524 0.670028 -0.990644 0.993919 
-0.536573 -0.536573 0.420167 0.650288 -0.961397 0.912945 -0.905578 0.270906 0.999912 0.963795 0.850904 0.986628 -0.304811 -0.897928 0.999520 -0.821818 0.379608 0.926819 0.580611 0.053084 0.467745 0.939520 -0.210811 -0.475524 0.202120 0.088399 -0.981958 -0.506392 0.313200 0.167326 -0.831791 -0.846204 0.909310 -0.912958 0.916534 -0.826812 -0.860085 0.097152 0.228023 -0.594957 -0.997801 0.228111 0.044182 -0.313172 -0.395981 0.846188 0.657032 0.296426 0.773929 0.994833 0.088309 -0.601952 0.933288 -0.689632 -0.629958 0.850856 0.989371 0.988018 0.897888 -0.184871 -0.608972 0.997164 -0.972602 0.175957 0.831842 0.000121 0.017822 0.035519 0.869025 0.070602 -0.930051 0.968327 -0.428046 -0.420304 0.739079 0.889927 0.978419 0.587649 -0.894078 -0.296196 0.650150 -0.114605 -0.460064 0.877489 0.998825 0.826947 0.989389 0.262171 -0.926898 0.475736 -0.721205 0.898034 -0.656805 -0.999750 -0.689873 -0.801297 -0.864415 0.123842 0.750808 -0.733006 
-0.287903 -0.287903 -0.961397 0.149877 0.836656 -0.905578 0.270906 0.551427 -0.643538 -0.831775 -0.953753 -0.521551 0.920026 0.253823 -0.629888 0.105988 0.452026 -0.889996 -0.995687 -0.790433 -0.974649 -0.354910 0.877590 -0.354938 0.609068 -0.811621 0.784962 0.983593 0.514004 0.636761 0.963787 0.149847 -0.909285 0.905566 -0.901775 0.114755 0.948273 0.689720 0.587819 0.997176 0.702365 -0.885953 0.727184 -0.514030 0.953771 -0.149818 -0.999990 -0.916546 -0.985136 -0.727101 0.696123 -0.210869 -0.338248 -0.097272 0.999523 -0.158533 -0.756743 -0.529006 -0.253736 0.864597 -0.202238 -0.594836 0.459796 0.629982 -0.963763 -0.756881 -0.768332 -0.779542 -0.942474 0.708765 0.329849 -0.443978 -0.404176 0.961439 0.026702 -0.236515 -0.483160 0.228228 0.923389 -0.529236 0.150056 -0.676905 0.972672 -0.210604 -0.689545 -0.966063 -0.756665 0.558964 0.889899 -0.976636 0.995665 -0.919932 -0.141359 0.636552 0.998803 0.976532 0.184515 -0.831925 0.009123 -0.035669 
0.836656 0.836656 -0.008851 -0.905578 0.762558 -0.663634 0.999912 -0.643538 -0.916522 -0.768255 -0.558789 -0.966118 -0.114785 0.999520 -0.923458 0.983588 -0.727143 -0.689698 -0.193473 0.363171 -0.061920 -0.997173 -0.210781 0.795806 -0.587771 0.329962 0.816760 0.106017 -0.676750 -0.558764 0.529108 0.990603 -0.657009 0.663656 -0.670252 0.985141 0.573407 -0.498687 -0.609020 0.210840 0.881813 0.193414 -0.451972 0.676728 -0.017642 -0.990599 -0.287961 0.123513 -0.444167 -0.864582 -0.490969 0.877546 -0.998351 0.926785 0.253911 -0.991767 -0.841520 -0.963819 -0.999517 -0.236574 0.881742 -0.939561 0.981975 -0.566008 -0.529185 0.412009 0.395814 0.379496 -0.587893 -0.475418 0.998823 -0.985172 0.762461 0.009002 -0.951008 -0.998808 -0.976623 -0.868876 0.630028 0.663499 -0.905502 0.513823 0.053264 -0.997157 -0.890092 -0.521731 -0.841585 -0.636575 0.689851 -0.070963 0.371628 -0.636924 0.909197 0.920121 0.330218 0.483529 0.994799 0.296109 -0.956297 0.948196 
0.956376 0.956376 0.270906 -0.988032 0.551427 -0.428183 0.963795 -0.831775 -0.768255 -0.558789 -0.304811 -0.855520 -0.387782 0.968364 -0.779466 0.994827 -0.889996 -0.459903 0.088369 0.609044 0.219425 -0.936462 -0.475524 0.933310 -0.790415 0.580587 0.623012 -0.176046 -0.855504 -0.768235 0.270935 0.989363 -0.420194 0.428210 -0.436192 0.993892 0.321651 -0.721017 -0.806383 -0.070692 0.714919 0.459850 -0.683218 0.855489 -0.296311 -0.989367 -0.008912 0.395870 -0.176135 -0.689742 -0.714834 0.976571 -0.942545 0.994818 -0.026461 -0.988046 -0.657055 -0.850951 -0.968387 -0.498635 0.978432 -0.806472 0.890051 -0.773814 -0.271022 0.650196 0.636645 0.622894 -0.338447 -0.702300 0.945484 -0.897994 0.912884 -0.270761 -0.999515 -0.972665 -0.877662 -0.972588 0.387948 0.846124 -0.988004 0.733067 -0.227876 -0.978494 -0.727287 -0.262578 -0.657146 -0.826710 0.460091 0.210575 0.097422 -0.396147 0.989323 0.774043 0.053324 0.219690 0.983637 0.551200 -0.999908 0.999196 
0.999912 0.999912 0.529083 -0.991779 0.296369 -0.158623 0.850904 -0.953753 -0.558789 -0.304811 -0.026551 -0.676772 -0.629888 0.860069 -0.573382 0.926819 -0.981952 -0.193473 0.363171 0.806401 0.483292 -0.801153 -0.702386 0.996467 -0.930095 0.784962 0.379636 -0.444086 -0.966110 -0.916509 -0.008821 0.909310 -0.149907 0.158652 -0.167385 0.923470 0.044273 -0.885911 -0.939509 -0.346593 0.491074 0.689654 -0.860039 0.966102 -0.551376 -0.909323 0.270848 0.636692 0.105928 -0.459957 -0.881756 0.997803 -0.811656 0.983604 -0.304724 -0.905617 -0.420249 -0.670296 -0.860116 -0.720975 0.997180 -0.609140 0.727225 -0.919979 0.008731 0.836590 0.826761 0.816673 -0.062041 -0.873239 0.816830 -0.739282 0.990587 -0.528955 -0.968402 -0.869040 -0.708787 -0.998824 0.114964 0.961348 -0.991802 0.893916 -0.490864 -0.881884 -0.506548 0.017491 -0.420359 -0.950989 0.193680 0.475338 -0.184545 -0.123812 0.990640 0.566306 -0.227817 -0.061650 0.894118 0.762383 -0.963868 0.970601 
0.745113 0.745113 -0.158623 -0.831775 0.850904 -0.768255 0.986628 -0.521551 -0.966118 -0.855520 -0.676772 -0.993889 0.035398 0.983588 -0.970535 0.945435 -0.616040 -0.790433 -0.338333 0.219425 -0.210811 -0.997171 -0.061890 0.696058 -0.459877 0.184752 0.894010 0.253853 -0.558764 -0.428155 0.650311 0.958916 -0.762578 0.768274 -0.773910 0.948273 0.689720 -0.363143 -0.483265 0.354967 0.942535 0.044182 -0.313172 0.558739 0.132412 -0.958907 -0.428237 -0.026611 -0.573431 -0.930128 -0.354854 0.795769 -0.995679 0.860023 0.396008 -0.961373 -0.912982 -0.992883 -0.983571 -0.088279 0.801080 -0.980264 0.999212 -0.436056 -0.650379 0.270790 0.253707 0.236544 -0.702494 -0.338192 0.994811 -0.999758 0.656873 0.158771 -0.893929 -0.980210 -0.997809 -0.784868 0.739302 0.543869 -0.831674 0.379440 0.202327 -0.974601 -0.948349 -0.643700 -0.913031 -0.513797 0.790562 -0.219661 0.506574 -0.745274 0.836524 0.968425 0.467958 0.609259 0.968297 0.149609 -0.901671 0.889872 
-0.768255 -0.768255 -0.953753 0.670229 0.395925 -0.521551 -0.304811 0.920026 -0.114785 -0.387782 -0.629888 0.035398 0.983588 -0.321622 -0.097182 -0.459903 0.868966 -0.491022 -0.881785 -0.997173 -0.936451 0.219455 0.996467 -0.811621 0.945445 -0.999208 0.313200 0.920014 0.901801 0.956385 0.656964 -0.420194 -0.529057 0.521525 -0.513953 -0.452053 0.616017 0.974655 0.936473 0.873283 0.193414 -0.994821 0.985157 -0.901814 0.961381 0.420222 -0.831741 -0.985136 -0.727101 -0.227994 0.976604 -0.714940 0.236749 -0.629958 0.850856 0.412201 -0.270819 0.026642 0.321708 0.998340 -0.708744 -0.052963 -0.106107 0.953789 -0.656896 -0.991794 -0.993902 -0.995698 -0.601904 0.980269 -0.245398 0.123723 -0.841552 0.953707 0.573505 0.338475 0.079729 0.727267 0.558639 -0.909373 0.670363 -0.970579 0.939458 0.363368 -0.175868 -0.663476 -0.270703 0.923539 0.490838 -0.933234 0.779315 -0.551225 -0.663814 0.105748 0.806258 0.695885 -0.388032 -0.999991 0.559014 -0.580832 
-0.521551 -0.521551 0.436165 0.636738 -0.966118 0.920026 -0.897928 0.253823 0.999520 0.968364 0.860069 0.983588 -0.321622 -0.889996 0.998815 -0.811603 0.363171 0.933321 0.594933 0.070752 0.483318 0.933310 -0.228082 -0.459877 0.184752 0.106017 -0.985151 -0.521577 0.296340 0.149847 -0.841487 -0.836639 0.916534 -0.920038 0.923470 -0.816725 -0.868981 0.079518 0.210752 -0.609092 -0.998818 0.245310 0.026491 -0.296311 -0.412173 0.836623 0.670274 0.313286 0.785018 0.996474 0.070662 -0.587722 0.926785 -0.676705 -0.643607 0.841422 0.991790 0.985131 0.889954 -0.202238 -0.594836 0.995676 -0.968334 0.158504 0.841536 0.017822 0.035519 0.053204 0.877648 0.052933 -0.923401 0.963755 -0.411981 -0.436300 0.727039 0.881714 0.974608 0.573234 -0.901866 -0.279242 0.636599 -0.097002 -0.475709 0.868861 0.999527 0.836771 0.991806 0.245047 -0.933396 0.491232 -0.733354 0.905681 -0.643354 -0.999197 -0.702579 -0.811762 -0.855379 0.141389 0.738998 -0.720850 
0.826829 0.826829 -0.026551 -0.897928 0.773891 -0.676772 0.999520 -0.629888 -0.923458 -0.779466 -0.573382 -0.970535 -0.097182 0.998815 -0.930106 0.980240 -0.714876 -0.702408 -0.210811 0.346621 -0.079579 -0.998347 -0.193444 0.784962 -0.573357 0.313200 0.826846 0.123603 -0.663611 -0.543996 0.544046 0.988027 -0.670252 0.676794 -0.683284 0.981946 0.587819 -0.483265 -0.594884 0.228111 0.890023 0.176016 -0.436111 0.663589 0.000060 -0.988022 -0.304868 0.105928 -0.459957 -0.873341 -0.475471 0.868921 -0.999210 0.919991 0.270993 -0.989345 -0.850951 -0.968387 -0.998811 -0.219337 0.873253 -0.945475 0.985167 -0.551326 -0.544122 0.395814 0.379496 0.363059 -0.602120 -0.459770 0.999525 -0.988055 0.750888 0.026702 -0.945386 -0.997787 -0.980275 -0.859977 0.643677 0.650150 -0.897848 0.498556 0.070933 -0.995667 -0.898021 -0.536751 -0.851014 -0.622824 0.702558 -0.088609 0.388004 -0.650471 0.901684 0.926909 0.346876 0.498948 0.992840 0.279155 -0.950971 0.942424 
-0.387782 -0.387782 0.566108 0.513978 -0.993889 0.968364 -0.821818 0.105988 0.983588 0.994827 0.926819 0.945435 -0.459903 -0.811603 0.980240 -0.714876 0.219425 0.976591 0.708680 0.219455 0.609068 0.868951 -0.371432 -0.321594 0.035368 0.253853 -0.999756 -0.643561 0.149847 -0.000030 -0.912958 -0.745093 0.966126 -0.968372 0.970543 -0.721017 -0.933331 -0.070782 0.061860 -0.721079 -0.994821 0.387837 -0.123633 -0.149818 -0.544072 0.745073 0.773929 0.452080 0.868996 0.997793 -0.079639 -0.459823 0.860023 -0.558714 -0.751047 0.750928 0.999753 0.948253 0.811551 -0.346734 -0.467639 0.970506 -0.919979 0.008731 0.912994 0.167475 0.184900 0.202268 0.939571 -0.097332 -0.855442 0.912884 -0.270761 -0.566232 0.615922 0.801044 0.930040 0.443951 -0.956429 -0.132172 0.513823 0.053264 -0.602168 0.784850 0.992847 0.909385 0.999750 0.096972 -0.976636 0.616230 -0.826964 0.958993 -0.521345 -0.981907 -0.801297 -0.890119 -0.768081 0.288163 0.629677 -0.608829 
-0.176076 -0.176076 -0.923458 0.035398 0.893997 -0.948282 0.379608 0.452026 -0.727143 -0.889996 -0.981952 -0.616040 0.868966 0.363171 -0.714876 0.219425 0.346649 -0.936451 -0.978457 -0.714898 -0.942525 -0.459877 0.816760 -0.245281 0.514004 -0.739201 0.850888 0.956385 0.412146 0.544046 0.988027 0.262346 -0.951045 0.948273 -0.945426 0.228023 0.978444 0.602048 0.491074 0.981964 0.779428 -0.826863 0.643584 -0.412173 0.912970 -0.262317 -0.993895 -0.864582 -0.998342 -0.801099 0.609116 -0.097272 -0.444032 0.017612 0.989371 -0.270819 -0.826778 -0.622918 -0.363087 0.801207 -0.088489 -0.683174 0.558689 0.536675 -0.988013 -0.676861 -0.689785 -0.702494 -0.974615 0.623107 0.436029 -0.543895 -0.296513 0.923516 -0.088219 -0.346480 -0.580464 0.114964 0.961348 -0.428346 0.035579 -0.587941 0.939592 -0.321423 -0.768120 -0.989328 -0.826710 0.460091 0.936377 -0.945514 0.999760 -0.958856 -0.026792 0.720871 0.997815 0.994799 0.296109 -0.762734 -0.105718 0.079278 
0.983588 0.983588 0.379608 -0.999207 0.452026 -0.321622 0.926819 -0.889996 -0.689698 -0.459903 -0.193473 -0.790433 -0.491022 0.933321 -0.702408 0.976591 -0.936451 -0.354938 0.202120 0.696058 0.329962 -0.890009 -0.573357 0.968357 -0.855504 0.670207 0.529108 -0.287874 -0.909285 -0.836639 0.158652 0.966126 -0.313257 0.321651 -0.330019 0.974655 0.210840 -0.795788 -0.868936 -0.184722 0.629935 0.558739 -0.762519 0.909272 -0.403982 -0.966133 0.105928 0.498661 -0.061981 -0.602072 -0.790378 0.994818 -0.897967 0.999913 -0.141030 -0.963819 -0.566182 -0.785036 -0.933353 -0.594836 0.995676 -0.733272 0.831842 -0.841406 -0.158742 0.733108 0.720954 0.708574 -0.228199 -0.779372 0.901853 -0.841552 0.953707 -0.379468 -0.996482 -0.939582 -0.816847 -0.992851 0.279589 0.901710 -0.999200 0.806294 -0.338135 -0.948349 -0.643700 -0.150086 -0.566282 -0.885827 0.355136 0.321394 -0.017461 -0.288134 0.999513 0.696253 -0.061650 0.106257 0.956455 0.643330 -0.994854 0.997194 
0.926819 0.926819 0.816743 -0.864551 -0.097182 0.236661 0.580611 -0.995687 -0.193473 0.088369 0.363171 -0.338333 -0.881785 0.594933 -0.210811 0.708680 -0.978457 0.202120 0.696058 0.972623 0.784962 -0.506392 -0.923447 0.951064 -0.999756 0.963787 -0.008821 -0.756783 -0.990611 -0.999911 -0.395897 0.676794 0.245223 -0.236632 0.228023 0.702429 -0.346593 -0.996464 -0.998818 -0.683218 0.114845 0.916497 -0.990599 0.990616 -0.831741 -0.676816 0.622941 0.885897 0.483239 -0.079639 -0.995679 0.894037 -0.521628 0.836705 -0.650219 -0.670296 -0.035489 -0.330076 -0.595005 -0.933277 0.890051 -0.253940 0.404148 -0.999990 0.395814 0.983566 0.980216 0.976558 0.329849 -0.993872 0.529211 -0.420304 0.966157 -0.816656 -0.795915 -0.609187 -0.379775 -0.901866 -0.279242 0.992894 -0.864642 0.997785 -0.790304 -0.630052 -0.132561 0.403845 -0.035609 -0.996487 -0.201914 0.779315 -0.551225 0.270674 0.860192 0.202386 -0.587576 -0.443870 0.650494 0.953671 -0.785148 0.801315 
0.580611 0.580611 0.998815 -0.459903 -0.616040 0.721038 0.053084 -0.790433 0.363171 0.609044 0.806401 0.219425 -0.997173 0.070752 0.346621 0.219455 -0.714898 0.696058 0.972623 0.945445 0.994824 0.035368 -0.985151 0.636761 -0.831791 0.956385 -0.543996 -0.989354 -0.762578 -0.850919 -0.826812 0.176105 0.727122 -0.721017 0.714855 0.210840 -0.795788 -0.885953 -0.816777 -0.968349 -0.436111 0.988041 -0.909323 0.762597 -0.999754 -0.176135 0.945416 0.996474 0.877546 0.467665 -0.890037 0.514056 0.017612 0.412201 -0.956350 -0.167445 0.506288 0.227964 -0.070842 -0.980264 0.506470 0.304696 -0.149758 -0.846285 0.826761 0.926864 0.933364 0.939571 0.784887 -0.897994 -0.008701 0.132202 0.676883 -0.998808 -0.346791 -0.088549 0.175898 -0.529236 -0.750868 0.774005 -0.460064 0.877676 -0.995667 -0.114994 0.419976 0.831658 0.506184 -0.795952 -0.695907 0.993862 -0.912847 0.744952 0.452241 -0.354685 -0.930006 -0.855379 0.141389 0.966188 -0.330247 0.355192 
0.868966 0.868966 0.885925 -0.790433 -0.228052 0.363171 0.467745 -0.974649 -0.061920 0.219425 0.483292 -0.210811 -0.936451 0.483318 -0.079579 0.609068 -0.942525 0.329962 0.784962 0.994824 0.860054 -0.387809 -0.966110 0.901801 -0.988036 0.990603 -0.141090 -0.836639 -0.963803 -0.992876 -0.513953 0.573407 0.371376 -0.363143 0.354882 0.602048 -0.467692 -0.998818 -0.983599 -0.773852 -0.017642 0.961381 -0.999990 0.963811 -0.897901 -0.573431 0.720996 0.939499 0.594860 0.052993 -0.999210 0.826880 -0.404120 0.756862 -0.745053 -0.566182 0.097092 -0.202238 -0.483397 -0.972602 0.821887 -0.123693 0.279531 -0.991794 0.513875 0.998809 0.997789 0.996457 0.451891 -0.999758 0.412256 -0.296513 0.923516 -0.885855 -0.708787 -0.498870 -0.253998 -0.836755 -0.403872 0.968410 -0.790544 0.997811 -0.864445 -0.521731 -0.000211 0.521371 0.096972 -0.976636 -0.329763 0.855395 -0.656805 0.395704 0.785130 0.070993 -0.689501 -0.558564 0.544249 0.985100 -0.696275 0.715087 
0.609044 0.609044 -0.338333 -0.714876 0.933321 -0.873312 0.939520 -0.354910 -0.997173 -0.936462 -0.801153 -0.997171 0.219455 0.933310 -0.998347 0.868951 -0.459877 -0.890009 -0.506392 0.035368 -0.387809 -0.966110 0.123603 0.551402 -0.287874 -0.000030 0.961406 0.428210 -0.395897 -0.253794 0.779485 0.889982 -0.868981 0.873327 -0.877604 0.873283 0.811639 -0.184722 -0.313172 0.521602 0.988041 -0.141180 -0.132292 0.395870 0.313286 -0.889968 -0.587844 -0.210869 -0.714940 -0.981969 -0.175987 0.670162 -0.961373 0.750928 0.558864 -0.893956 -0.972651 -0.997791 -0.933277 0.097302 0.676683 -0.999913 0.989341 -0.262258 -0.779542 0.088249 0.070602 0.052933 -0.821904 -0.158474 0.958882 -0.986603 0.506236 0.338475 -0.795715 -0.926751 -0.992851 -0.656850 0.850999 0.379440 -0.714750 0.201943 0.379803 -0.916437 -0.990636 -0.774024 -0.972679 -0.346423 0.890106 -0.396147 0.657168 -0.855645 0.720871 0.997815 0.623201 0.745294 0.905463 -0.035669 -0.806240 0.790249 
-0.702408 -0.702408 -0.978450 0.594933 0.483292 -0.602000 -0.210811 0.877590 -0.210781 -0.475524 -0.702386 -0.061890 0.996467 -0.228082 -0.193444 -0.371432 0.816760 -0.573357 -0.923447 -0.985151 -0.966110 0.123603 0.999912 -0.751007 0.909310 -0.990611 0.404010 0.953744 0.855536 0.923470 0.727122 -0.330019 -0.609020 0.601976 -0.594884 -0.363228 0.689654 0.948301 0.897954 0.916497 0.287846 -0.999990 0.963811 -0.855551 0.983577 0.330048 -0.881756 -0.997166 -0.790378 -0.321537 0.951083 -0.643607 0.141210 -0.551502 0.897888 0.321708 -0.363087 -0.070632 0.228170 0.999212 -0.636831 -0.149758 -0.008972 0.920073 -0.727060 -0.974676 -0.978481 -0.981981 -0.676661 0.956420 -0.150026 0.026702 -0.785074 0.978419 0.491179 0.245427 -0.017521 0.657123 0.636599 -0.864642 0.595078 -0.942585 0.968312 0.271109 -0.270703 -0.733047 -0.362975 0.881898 0.573184 -0.963731 0.836524 -0.629701 -0.587990 0.201884 0.859931 0.762383 -0.296628 -0.994854 0.475789 -0.498974 
0.070752 0.070752 0.877590 0.070722 -0.936451 0.976584 -0.475524 -0.354938 0.795806 0.933310 0.996467 0.696058 -0.811621 -0.459877 0.784962 -0.321594 -0.245281 0.968357 0.951064 0.636761 0.901801 0.551402 -0.751007 0.141150 -0.420194 0.663656 -0.901775 -0.920038 -0.313257 -0.452053 -0.998814 -0.363143 0.978444 -0.976578 0.974635 -0.329934 -0.994821 -0.514030 -0.395981 -0.956394 -0.841438 0.762597 -0.558839 0.313286 -0.864582 0.363115 0.976604 0.806454 0.998820 0.860023 -0.521628 -0.008761 0.536497 -0.123483 -0.968387 0.371320 0.881742 0.702322 0.459796 -0.733272 -0.017581 0.756724 -0.643446 -0.444221 0.998809 0.595030 0.609164 0.623107 0.992855 -0.536700 -0.528955 0.629771 0.193621 -0.877662 0.193296 0.443951 0.663499 -0.009032 -0.985115 0.330162 0.070542 0.498896 -0.898021 0.419976 0.831658 0.999198 0.881685 -0.363396 -0.968304 0.905681 -0.991810 0.983544 -0.079308 -0.790267 -0.985193 -0.999991 -0.395676 0.689894 0.210516 -0.184485 
-0.354938 -0.354938 -0.978457 0.219455 0.795806 -0.873297 0.202120 0.609068 -0.587771 -0.790415 -0.930095 -0.459877 0.945445 0.184752 -0.573357 0.035368 0.514004 -0.855504 -0.999756 -0.831791 -0.988036 -0.287874 0.909310 -0.420194 0.663656 -0.850919 0.739160 0.993892 0.573407 0.689720 0.942504 0.079518 -0.877561 0.873283 -0.868936 0.044182 0.923435 0.739221 0.643584 0.999990 0.650242 -0.916546 0.773929 -0.573431 0.972644 -0.079488 -0.997166 -0.942545 -0.970513 -0.676705 0.745173 -0.279502 -0.270819 -0.167445 0.999203 -0.088279 -0.708595 -0.467639 -0.184663 0.897981 -0.271022 -0.536471 0.395814 0.683350 -0.942474 -0.801225 -0.811691 -0.821904 -0.916461 0.756901 0.262229 -0.379468 -0.467878 0.978488 0.097362 -0.167177 -0.420003 0.296541 0.893916 -0.587941 0.219631 -0.727287 0.986662 -0.140911 -0.636575 -0.945367 -0.708510 0.616230 0.855395 -0.989393 0.986588 -0.889886 -0.211046 0.580390 0.992840 0.958847 0.114515 -0.869100 0.079849 -0.106287 
0.609068 0.609068 0.996467 -0.491048 -0.587771 0.696058 0.088399 -0.811621 0.329962 0.580587 0.784962 0.184752 -0.999208 0.106017 0.313200 0.253853 -0.739201 0.670207 0.963787 0.956385 0.990603 -0.000030 -0.990611 0.663656 -0.850919 0.966126 -0.513953 -0.983582 -0.784999 -0.868981 -0.806383 0.210840 0.702365 -0.696037 0.689654 0.245310 -0.773852 -0.901814 -0.836689 -0.958907 -0.403982 0.992880 -0.923482 0.785018 -0.998342 -0.210869 0.933288 0.998820 0.860023 0.436083 -0.905617 0.544097 -0.017792 0.444194 -0.945406 -0.202238 0.475444 0.193355 -0.106107 -0.986647 0.536675 0.270790 -0.114665 -0.864612 0.806329 0.939571 0.945484 0.951101 0.762461 -0.913007 0.026702 0.097032 0.702515 -0.996454 -0.379775 -0.123753 0.140941 -0.558939 -0.727018 0.795934 -0.491205 0.894091 -0.991752 -0.150086 0.387587 0.811480 0.475338 -0.816882 -0.670050 0.989323 -0.897822 0.720871 0.483529 -0.321366 -0.916413 -0.836507 0.176343 0.974709 -0.363452 0.388059 
-0.930095 -0.930095 -0.193444 0.972623 -0.616064 0.498739 -0.981958 0.784962 0.816760 0.623012 0.379636 0.894010 0.313200 -0.985151 0.826846 -0.999756 0.850888 0.529108 -0.008821 -0.543996 -0.141090 0.961406 0.404010 -0.901775 0.739160 -0.513953 -0.683284 0.097152 0.811586 0.714855 -0.346678 -0.997801 0.491074 -0.498765 0.506418 -0.999522 -0.395981 0.663589 0.756763 -0.008912 -0.768293 -0.387726 0.622941 -0.811568 0.219366 0.997803 0.088459 -0.321537 0.253911 0.745173 0.656918 -0.956350 0.966141 -0.983571 -0.053174 0.997180 0.714961 0.890051 0.985167 0.428074 -0.958890 0.850967 -0.923505 0.720954 0.346763 -0.587673 -0.573258 -0.558664 0.412256 0.643423 -0.968402 0.930161 -0.877503 0.193296 0.993869 0.988060 0.913019 0.950999 -0.460064 -0.801026 0.972581 -0.676617 0.149669 0.991806 0.779598 0.338532 0.715045 0.779315 -0.529287 -0.132113 -0.176313 0.467958 -0.974588 -0.821972 -0.132621 -0.296628 -0.994854 -0.483054 0.995659 -0.992837 
-0.890009 -0.890009 -0.864536 0.816760 0.184752 -0.321594 -0.506392 0.983593 0.106017 -0.176046 -0.444086 0.253853 0.920014 -0.521577 0.123603 -0.643561 0.956385 -0.287874 -0.756783 -0.989354 -0.836639 0.428210 0.953744 -0.920038 0.993892 -0.983582 0.097152 0.811586 0.974655 0.997176 0.475497 -0.609092 -0.329934 0.321565 -0.313172 -0.636784 0.428128 0.999990 0.990616 0.745073 -0.026611 -0.948263 0.998812 -0.974662 0.877546 0.609116 -0.689632 -0.923424 -0.558714 -0.008761 0.999990 -0.850951 0.444194 -0.785036 0.714813 0.602096 -0.052963 0.245369 0.521654 0.961364 -0.846285 0.167475 -0.321737 0.996479 -0.475418 -0.995673 -0.993872 -0.991760 -0.411981 0.999752 -0.452160 0.338475 -0.939582 0.864461 0.739302 0.536726 0.296541 0.860162 0.363003 -0.978494 0.816864 -0.999760 0.841357 0.558964 0.044453 -0.483107 -0.052843 0.985188 0.287672 -0.831641 0.622800 -0.354685 -0.811762 -0.115054 0.656782 0.521320 -0.580832 -0.976526 0.727349 -0.745314 
-0.245281 -0.245281 -0.948292 0.106017 0.860054 -0.923447 0.313200 0.514004 -0.676750 -0.855504 -0.966110 -0.558764 0.901801 0.296340 -0.663611 0.149847 0.412146 -0.909285 -0.990611 -0.762578 -0.963803 -0.395897 0.855536 -0.313257 0.573407 -0.784999 0.811586 0.974655 0.475577 0.602048 0.974635 0.193414 -0.926796 0.923435 -0.920002 0.158563 0.961381 0.657032 0.551477 0.992880 0.733149 -0.864582 0.696123 -0.475603 0.939551 -0.193385 -0.999210 -0.897967 -0.991767 -0.756743 0.663702 -0.167445 -0.379524 -0.053174 0.997180 -0.202032 -0.784906 -0.566008 -0.296253 0.841536 -0.158742 -0.629794 0.498609 0.595030 -0.974615 -0.727246 -0.739282 -0.751087 -0.956332 0.676883 0.371264 -0.483160 -0.363340 0.948340 -0.017521 -0.279242 -0.521397 0.184959 0.939458 -0.491205 0.106197 -0.643700 0.961456 -0.253619 -0.720891 -0.976539 -0.784831 0.521757 0.909197 -0.966180 0.998803 -0.936367 -0.097452 0.670028 0.999989 0.985100 0.227788 -0.806579 -0.035097 0.008550 
-0.387809 -0.387809 -0.985151 0.253853 0.773872 -0.855504 0.167326 0.636761 -0.558764 -0.768235 -0.916509 -0.428155 0.956385 0.149847 -0.543996 -0.000030 0.544046 -0.836639 -0.999911 -0.850919 -0.992876 -0.253794 0.923470 -0.452053 0.689720 -0.868981 0.714855 0.997176 0.602048 0.714919 0.930084 0.044182 -0.860039 0.855489 -0.850872 0.008791 0.909272 0.762597 0.670274 0.999518 0.622941 -0.930128 0.795861 -0.602072 0.980258 -0.044152 -0.993879 -0.953780 -0.961373 -0.650219 0.768313 -0.313315 -0.236574 -0.202238 0.997164 -0.052963 -0.683174 -0.436056 -0.149758 0.912994 -0.304925 -0.506262 0.363059 0.708765 -0.930051 -0.821904 -0.831858 -0.841552 -0.901723 0.779560 0.227906 -0.346480 -0.498870 0.985177 0.132531 -0.132172 -0.387615 0.330162 0.877489 -0.616207 0.254027 -0.751127 0.991806 -0.105778 -0.608877 -0.933234 -0.683086 0.643723 0.836524 -0.993915 0.980192 -0.873180 -0.245515 0.551200 0.987990 0.948196 0.079278 -0.886065 0.115084 -0.141418 
-0.999756 -0.999756 -0.558764 0.986633 -0.262404 0.123603 -0.831791 0.963787 0.529108 0.270935 -0.008821 0.650311 0.656964 -0.841487 0.544046 -0.912958 0.988027 0.158652 -0.395897 -0.826812 -0.513953 0.779485 0.727122 -0.998814 0.942504 -0.806383 -0.346678 0.475497 0.974635 0.930084 0.044182 -0.894024 0.114845 -0.123633 0.132412 -0.909323 -0.008912 0.901762 0.951036 0.379552 -0.459957 -0.714834 0.877546 -0.974628 0.580538 0.894037 -0.304724 -0.663566 -0.141030 0.428264 0.897888 -0.994836 0.790489 -0.976610 0.338220 0.890051 0.387893 0.643630 0.841536 0.745033 -0.993902 0.580709 -0.702494 0.933266 -0.044092 -0.855442 -0.846140 -0.836573 0.026702 0.889927 -0.795915 0.715003 -0.994808 0.558639 0.958976 0.850999 0.683394 0.996484 -0.079759 -0.970484 0.986662 -0.909210 0.521371 0.864657 0.475736 -0.052843 0.388004 0.961331 -0.158861 -0.506158 0.219190 0.088639 -0.985193 -0.536802 0.262113 0.096912 -0.877720 -0.784794 0.953843 -0.961480 
-0.428155 -0.428155 0.529108 0.551402 -0.988036 0.956385 -0.846204 0.149847 0.990603 0.989363 0.909310 0.958916 -0.420194 -0.836639 0.988027 -0.745093 0.262346 0.966126 0.676794 0.176105 0.573407 0.889982 -0.330019 -0.363143 0.079518 0.210840 -0.997801 -0.609092 0.193414 0.044182 -0.894024 -0.773852 0.953771 -0.956394 0.958941 -0.750947 -0.916546 -0.026611 0.105928 -0.689742 -0.998342 0.346706 -0.079639 -0.193385 -0.506444 0.773833 0.745173 0.412201 0.846269 0.999753 -0.035489 -0.498635 0.881742 -0.594836 -0.721121 0.779391 0.999758 0.961364 0.836590 -0.304925 -0.506262 0.980216 -0.936409 0.052933 0.894064 0.123723 0.141269 0.158771 0.923516 -0.053234 -0.877503 0.930040 -0.313057 -0.529236 0.650150 0.826727 0.945376 0.483133 -0.942585 -0.175868 0.551251 0.009062 -0.566282 0.811480 0.997155 0.890106 0.999760 0.140881 -0.966180 0.580808 -0.801297 0.945524 -0.558564 -0.989319 -0.774062 -0.869100 -0.795642 0.245544 0.663408 -0.643307 
0.990603 0.990603 0.420140 -0.999990 0.412146 -0.279444 0.909310 -0.909285 -0.657009 -0.420194 -0.149907 -0.762578 -0.529057 0.916534 -0.670252 0.966126 -0.951045 -0.313257 0.245223 0.727122 0.371376 -0.868981 -0.609020 0.978444 -0.877561 0.702365 0.491074 -0.329934 -0.926796 -0.860039 0.114845 0.953771 -0.270964 0.279473 -0.287961 0.963811 0.167415 -0.821783 -0.889968 -0.227994 0.594981 0.594860 -0.790378 0.926785 -0.444032 -0.953780 0.149788 0.536497 -0.017792 -0.566182 -0.816690 0.998340 -0.877633 0.998352 -0.184663 -0.951092 -0.529185 -0.756881 -0.916570 -0.629794 0.998809 -0.702494 0.806490 -0.864476 -0.114935 0.762461 0.750888 0.739079 -0.184930 -0.806311 0.881870 -0.816847 0.966071 -0.420003 -0.991802 -0.923528 -0.790544 -0.997157 0.236866 0.919943 -0.999991 0.831658 -0.379413 -0.933396 -0.609235 -0.106227 -0.529287 -0.905476 0.313458 0.362947 -0.061650 -0.245515 0.999915 0.663837 -0.105718 0.062191 0.942615 0.676550 -0.989402 0.992909 
-0.989354 -0.989354 -0.412091 0.999990 -0.420194 0.287932 -0.912958 0.905566 0.663656 0.428210 0.158652 0.768274 0.521525 -0.920038 0.676794 -0.968372 0.948273 0.321651 -0.236632 -0.721017 -0.363143 0.873327 0.601976 -0.976578 0.873283 -0.696037 -0.498765 0.321565 0.923435 0.855489 -0.123633 -0.956394 0.279473 -0.287961 0.296426 -0.966133 -0.176135 0.816708 0.885897 0.219366 -0.602072 -0.587722 0.784924 -0.923424 0.436083 0.956402 -0.141030 -0.529006 0.026642 0.573456 0.811551 -0.997791 0.881841 -0.998821 0.175957 0.953789 0.536675 0.762636 0.920073 0.622894 -0.998338 0.708765 -0.811691 0.859993 0.123723 -0.756704 -0.745013 -0.733088 0.193621 0.801044 -0.886009 0.821921 -0.963747 0.411954 0.992894 0.926886 0.795934 0.996451 -0.245457 -0.916437 0.999989 -0.826710 0.371208 0.936536 0.616230 0.115024 0.536776 0.901684 -0.321851 -0.354685 0.052813 0.254086 -0.999991 -0.670430 0.096912 -0.071023 -0.945534 -0.670005 0.990649 -0.993922 
0.988027 0.988027 0.404010 -0.999911 0.428210 -0.296397 0.916534 -0.901775 -0.670252 -0.436192 -0.167385 -0.773910 -0.513953 0.923470 -0.683284 0.970543 -0.945426 -0.330019 0.228023 0.714855 0.354882 -0.877604 -0.594884 0.974635 -0.868936 0.689654 0.506418 -0.313172 -0.920002 -0.850872 0.132412 0.958941 -0.287961 0.296426 -0.304868 0.968380 0.184841 -0.811568 -0.881756 -0.210722 0.609116 0.580538 -0.779409 0.919991 -0.428101 -0.958950 0.132262 0.521474 -0.035489 -0.580685 -0.806347 0.997164 -0.885981 0.999212 -0.167237 -0.956411 -0.544122 -0.768332 -0.923505 -0.615945 0.997789 -0.714982 0.816830 -0.855442 -0.132501 0.750888 0.739079 0.727039 -0.202297 -0.795715 0.890078 -0.826930 0.961348 -0.403872 -0.993909 -0.930172 -0.801261 -0.995667 0.254027 0.912859 -0.999909 0.821698 -0.362975 -0.939602 -0.623177 -0.123812 -0.544223 -0.897822 0.330218 0.346395 -0.043972 -0.262637 0.999989 0.676972 -0.088098 0.079849 0.948378 0.663408 -0.991817 0.994857 
-0.395897 -0.395897 0.558814 0.521525 -0.992876 0.966126 -0.826812 0.114755 0.985141 0.993892 0.923470 0.948273 -0.452053 -0.816725 0.981946 -0.721017 0.228023 0.974655 0.702429 0.210840 0.602048 0.873283 -0.363228 -0.329934 0.044182 0.245310 -0.999522 -0.636784 0.158563 0.008791 -0.909323 -0.750947 0.963811 -0.966133 0.968380 -0.727101 -0.930128 -0.061981 0.070662 -0.714940 -0.995679 0.379691 -0.114875 -0.158533 -0.536649 0.750928 0.768313 0.444194 0.864597 0.998340 -0.070842 -0.467639 0.864491 -0.566008 -0.745194 0.756724 0.999910 0.951017 0.816673 -0.338447 -0.475418 0.972595 -0.923401 0.017551 0.909360 0.158771 0.176224 0.193621 0.936515 -0.088549 -0.859977 0.916449 -0.279242 -0.558939 0.622847 0.806294 0.933245 0.451838 -0.953816 -0.140911 0.521371 0.044453 -0.595102 0.790285 0.993862 0.905681 0.999909 0.105748 -0.974703 0.609259 -0.821972 0.956455 -0.528852 -0.983539 -0.795988 -0.886065 -0.773700 0.279705 0.636506 -0.615803 
-0.999519 -0.999519 -0.513953 0.993892 -0.313257 0.176105 -0.860085 0.948273 0.573407 0.321651 0.044273 0.689720 0.616017 -0.868981 0.587819 -0.933331 0.978444 0.210840 -0.346593 -0.795788 -0.467692 0.811639 0.689654 -0.994821 0.923435 -0.773852 -0.395981 0.428128 0.961381 0.909272 -0.008912 -0.916546 0.167415 -0.176135 0.184841 -0.930128 -0.061981 0.877546 0.933288 0.329905 -0.506444 -0.676705 0.850856 -0.961373 0.536497 0.916558 -0.253736 -0.622918 -0.088279 0.475630 0.873253 -0.998821 0.821887 -0.986647 0.287788 0.912994 0.436273 0.683350 0.869025 0.708574 -0.998354 0.623107 -0.739282 0.912884 0.009002 -0.826744 -0.816656 -0.806311 0.079729 0.864461 -0.826930 0.751107 -0.988004 0.513823 0.972672 0.877676 0.721184 0.999527 -0.132561 -0.956314 0.993912 -0.885827 0.475338 0.890106 0.521757 0.000241 0.436382 0.945357 -0.211046 -0.459663 0.167088 0.141389 -0.992905 -0.580832 0.210516 0.043942 -0.901919 -0.750788 0.968440 -0.974716 
-0.452053 -0.452053 -0.994830 0.321651 0.727122 -0.816725 0.097152 0.689720 -0.498687 -0.721017 -0.885911 -0.363143 0.974655 0.079518 -0.483265 -0.070782 0.602048 -0.795788 -0.996464 -0.885953 -0.998818 -0.184722 0.948301 -0.514030 0.739221 -0.901814 0.663589 0.999990 0.657032 0.762597 0.901762 -0.026611 -0.821783 0.816708 -0.811568 -0.061981 0.877546 0.806454 0.721100 0.994818 0.566033 -0.953780 0.836705 -0.657055 0.991790 0.026642 -0.983571 -0.972651 -0.939489 -0.594836 0.811674 -0.379719 -0.167237 -0.271022 0.989341 0.017822 -0.629794 -0.371292 -0.079428 0.939571 -0.371544 -0.443978 0.296225 0.756901 -0.901723 -0.860146 -0.869040 -0.877662 -0.868876 0.821921 0.158444 -0.279242 -0.558939 0.994845 0.202327 -0.061710 -0.321423 0.396119 0.841357 -0.670386 0.321822 -0.795952 0.998359 -0.035157 -0.551225 -0.905476 -0.629701 0.696253 0.795660 -0.999218 0.963723 -0.836507 -0.313486 0.490785 0.974581 0.923343 0.008550 -0.916642 0.185078 -0.211105 
-0.330019 -0.330019 -0.972637 0.193503 0.811586 -0.885911 0.228023 0.587819 -0.609020 -0.806383 -0.939509 -0.483265 0.936473 0.210752 -0.594884 0.061860 0.491074 -0.868936 -0.998818 -0.816777 -0.983599 -0.313172 0.897954 -0.395981 0.643584 -0.836689 0.756763 0.990616 0.551477 0.670274 0.951036 0.105928 -0.889968 0.885897 -0.881756 0.070662 0.933288 0.721100 0.623059 0.999523 0.670162 -0.905617 0.756862 -0.551502 0.966141 -0.105898 -0.998811 -0.933353 -0.976565 -0.695994 0.727225 -0.253940 -0.296253 -0.141239 0.999910 -0.114665 -0.727060 -0.490917 -0.210663 0.885995 -0.245398 -0.558664 0.420030 0.663747 -0.951008 -0.785074 -0.795915 -0.806508 -0.926751 0.739302 0.287730 -0.403872 -0.444275 0.972672 0.070933 -0.193266 -0.443924 0.271109 0.905489 -0.566282 0.193680 -0.708829 0.981998 -0.167118 -0.656805 -0.953680 -0.726977 0.595127 0.868831 -0.985193 0.990570 -0.901671 -0.185048 0.601783 0.995659 0.966040 0.140822 -0.855676 0.053385 -0.079879 
-0.933331 -0.933331 -0.806383 0.873327 0.079518 -0.219396 -0.594957 0.997176 0.210840 -0.070692 -0.346593 0.354967 0.873283 -0.609092 0.228111 -0.721079 0.981964 -0.184722 -0.683218 -0.968349 -0.773852 0.521602 0.916497 -0.956394 0.999990 -0.958907 -0.008912 0.745073 0.992880 0.999518 0.379552 -0.689742 -0.227994 0.219366 -0.210722 -0.714940 0.329905 0.994818 0.999523 0.670162 -0.132441 -0.909260 0.988018 -0.992883 0.821766 0.689763 -0.608972 -0.877532 -0.467639 0.097302 0.993875 -0.901840 0.536675 -0.846285 0.636645 0.683350 0.053204 0.346763 0.609164 0.926762 -0.897994 0.271051 -0.420304 0.999752 -0.379468 -0.980210 -0.976552 -0.972588 -0.313057 0.991756 -0.544173 0.436328 -0.970579 0.806294 0.806525 0.623154 0.396119 0.909385 0.262171 -0.994848 0.873415 -0.996449 0.779315 0.643723 0.150116 -0.387559 0.053324 0.997815 0.184515 -0.768081 0.536344 -0.253561 -0.869100 -0.219719 0.573135 0.427910 -0.663859 -0.948186 0.796007 -0.811797 
-0.877561 -0.877561 -0.070692 0.936441 -0.708702 0.602048 -0.997801 0.702365 0.881813 0.714919 0.491074 0.942535 0.193414 -0.998818 0.890023 -0.994821 0.779428 0.629935 0.114845 -0.436111 -0.017642 0.988041 0.287846 -0.841438 0.650242 -0.403982 -0.768293 -0.026611 0.733149 0.622941 -0.459957 -0.998342 0.594981 -0.602072 0.609116 -0.995679 -0.506444 0.566033 0.670162 -0.132441 -0.841520 -0.270819 0.521474 -0.733129 0.097092 0.998340 0.210899 -0.202032 0.371516 0.821887 0.558689 -0.912896 0.990624 -0.953716 -0.176194 0.998809 0.795897 0.939571 0.998823 0.313086 -0.916461 0.909360 -0.963836 0.629771 0.460037 -0.483160 -0.467585 -0.451864 0.521705 0.543869 -0.991802 0.968410 -0.811498 0.070542 0.972581 0.999527 0.956438 0.905489 -0.566282 -0.720891 0.936377 -0.580415 0.026310 0.999991 0.851030 0.452241 0.795970 0.695885 -0.630099 -0.008580 -0.296628 0.573604 -0.939427 -0.886065 -0.254115 -0.412393 -0.999748 -0.371124 0.976519 -0.970455 
0.714919 0.714919 0.974635 -0.609092 -0.467692 0.587746 0.228111 -0.885953 0.193414 0.459850 0.689654 0.044182 -0.994821 0.245310 0.176016 0.387837 -0.826863 0.558739 0.916497 0.988041 0.961381 -0.141180 -0.999990 0.762597 -0.916546 0.992880 -0.387726 -0.948263 -0.864582 -0.930128 -0.714834 0.346706 0.594860 -0.587722 0.580538 0.379691 -0.676705 -0.953780 -0.905617 -0.909260 -0.270819 0.999753 -0.968387 0.864597 -0.980222 -0.346734 0.873253 0.995676 0.779391 0.304696 -0.956411 0.657077 -0.158742 0.566207 -0.889941 -0.338447 0.346508 0.052933 -0.245398 -0.999758 0.650402 0.132202 0.026702 -0.926875 0.714771 0.978488 0.981986 0.985177 0.663499 -0.961447 0.167534 -0.044423 0.795934 -0.974601 -0.506548 -0.262578 -0.000211 -0.670386 -0.622824 0.873415 -0.609235 0.948359 -0.963731 -0.288134 0.253590 0.720871 0.346395 -0.890119 -0.558564 0.958847 -0.826676 0.615827 0.602241 -0.184485 -0.850745 -0.750788 0.313515 0.996494 -0.491310 0.514263 
